vie, 10 nov 2023 18:47:24
Tiempo total del proceso: 4.63

Coordenadas objeto 1: 
Tiempo      X(px)      Y(px)      X(cm)      Y(cm)      Dist. centro (px)      Dist. centro (cm)
1.28 0 0 0 0 0 0
1.33 0 0 0 0 0 0
1.39 0 0 0 0 0 0
1.45 0 0 0 0 0 0
1.51 0 0 0 0 0 0
1.56 0 0 0.0 0.0 0 0.0
1.62 0 0 0 0 0 0
1.67 0 0 0 0 0 0
1.72 0 0 0 0 0 0
1.77 0 0 0 0 0 0
1.83 0 0 0 0 0 0
1.88 0 0 0 0 0 0
1.94 0 0 0 0 0 0
1.99 0 0 0 0 0 0
2.04 0 0 0 0 0 0
2.09 0 0 0 0 0 0
2.14 -320 240 -3.284762708298092 2.4635720312235687 400 4.106
2.2 0 0 0 0 0 0
2.25 0 0 0 0 0 0
2.31 0 0 0.0 0.0 0 0.0
2.36 0 0 0 0 0 0
2.41 0 0 0.0 0.0 0 0.0
2.47 0 0 0 0 0 0
2.52 0 0 0 0 0 0
2.57 0 0 0 0 0 0
2.62 0 0 0 0 0 0
2.68 0 0 0 0 0 0
2.73 0 0 0 0 0 0
2.78 -317 239 -140.88888888888889 106.22222222222221 397 176.4444
2.84 -320 239 -213.33333333333331 159.33333333333331 399 266.0
2.89 0 0 0 0 0 0
2.94 0 0 0 0 0 0
2.99 0 0 0 0 0 0
3.04 -320 238 -3.2176957086525437 2.3931611833103292 398 4.002
3.1 -312 240 -3.1704959564184 2.4388430433987693 393 3.9936
3.15 -308 222 -3.2386083774447996 2.334321622703719 379 3.9852
3.21 -318 231 -93.51929993033234 67.93383108146783 393 115.5757
3.26 -311 224 -76.41831253414352 55.040842468322026 383 94.11
3.31 -320 224 -141.35235337580357 98.9466473630625 390 172.2732
3.37 -315 237 -157.5 118.5 394 197.0
3.42 -316 230 -103.55091475360673 75.36933668775173 390 127.8002
3.48 -319 235 -180.4536505588069 132.93607486307093 396 224.0114
3.53 0 0 0 0 0 0
3.58 0 0 0 0 0 0
3.63 0 0 0 0 0 0
3.69 -320 240 -3.2 2.4 400 4.0
3.74 0 0 0 0 0 0
3.79 0 0 0 0 0 0
3.85 0 0 0 0 0 0
3.9 0 0 0 0 0 0
3.95 0 0 0 0 0 0
4.0 0 0 0 0 0 0
4.06 0 0 0 0 0 0
4.11 0 0 0 0 0 0
4.16 -320 240 -31999680 23999760 400 39999600
4.21 0 0 0 0 0 0
4.27 0 0 0 0 0 0
4.32 0 0 0 0 0 0
4.37 0 0 0 0 0 0
4.42 0 0 0 0 0 0
4.47 0 0 0 0 0 0
4.53 0 0 0 0 0 0
4.58 -320 240 -3.2 2.4 400 4.0
4.63 0 0 0 0 0 0
